CLUSTER STATISTICS (kmeans)
COUNTS:
cluster
0     3518
1    11564
2     4961
3     2379
4     7463

MEANS:
                index  relative_index   fcmeans  hierarchical  peak_amplitude  \
cluster
0        14890.238772        0.498251  3.972143      0.999147        0.000457
1        15036.847025        0.503157  2.740142      0.467745        0.000704
2        14686.764765        0.491443  0.954445      1.914533        0.000248
3        15031.036150        0.502963  2.000000      2.672972        0.000151
4        14960.717674        0.500610  0.398499      1.977221        0.000385

            counts  duration [μs]  rise_time [μs]    energy  \
cluster
0        28.599204      83.414066       21.874667  0.000019
1        27.631615     129.676083       31.357503  0.000090
2        19.379359      68.215578       22.999710  0.000046
3        75.807482     375.102213      114.117424  0.000011
4        45.182500     219.051422       53.662980  0.000080

         peak_frequency [kHz]  central_frequency [kHz]     pca_1     pca_2  \
cluster
0                  361.920694               353.144215  0.535571  0.325678
1                  147.581373               275.553353 -0.134911 -0.200776
2                  142.959887               355.039393  0.061971 -0.193123
3                  145.177385               351.384277 -0.591801  0.548751
4                  143.409621               315.610193 -0.290907  0.083683

            pca_3     pca_4
cluster
0       -0.093451 -0.042345
1       -0.187447 -0.018770
2        0.223433 -0.000655
3        0.106954 -0.076845
4       -0.015975 -0.032121

CLUSTER STATISTICS (fcmeans)
COUNTS:
cluster
0     7177
1     4803
2     3877
3    10541
4     3487

MEANS:
                index  relative_index    kmeans  hierarchical  peak_amplitude  \
cluster
0        14979.802842        0.501248  3.531698      1.911384        0.000434
1        14726.164897        0.492761  1.975016      1.885488        0.000249
2        14946.555326        0.500136  3.375032      2.428166        0.000196
3        15032.080258        0.502997  1.001518      0.366379        0.000716
4        14884.112991        0.498046  0.000000      1.000000        0.000458

            counts  duration [μs]  rise_time [μs]    energy  \
cluster
0        41.731782     197.659815       47.641541  0.000085
1        18.420570      64.282740       22.071776  0.000047
2        67.835956     336.666332       97.837230  0.000014
3        26.922114     126.919958       30.644524  0.000094
4        28.408087      82.626373       21.615722  0.000020

         peak_frequency [kHz]  central_frequency [kHz]     pca_1     pca_2  \
cluster
0                  144.587850               311.639124 -0.250185  0.030870
1                  143.008953               354.024429  0.070481 -0.205914
2                  144.334021               341.356924 -0.517190  0.427514
3                  147.632008               274.077342 -0.129616 -0.211348
4                  362.599369               353.326481  0.539437  0.325113

            pca_3     pca_4
cluster
0       -0.030445 -0.032864
1        0.219813  0.001860
2        0.071441 -0.062113
3       -0.193709 -0.016980
4       -0.093224 -0.041607

CLUSTER STATISTICS (hierarchical)
COUNTS:
cluster
0    10959
1     3639
2    11756
3     1738
4     1793

MEANS:
                index  relative_index    kmeans   fcmeans  peak_amplitude  \
cluster
0        14953.467378        0.500367  1.211242  2.543298        0.000662
1        14924.139324        0.499386  0.098928  3.890080        0.000452
2        14999.761143        0.501916  3.059119  0.921317        0.000412
3        14844.730725        0.496728  3.044879  2.000000        0.000138
4        14623.727830        0.489333  2.000000  1.000000        0.000121

            counts  duration [μs]  rise_time [μs]    energy  \
cluster
0        24.139794     111.318902       27.507090  0.000099
1        29.788953      87.872645       23.546052  0.000019
2        42.593995     200.005748       50.754834  0.000062
3        77.798044     400.093667      121.412622  0.000011
4        13.904071      40.294777       17.191149  0.000028

         peak_frequency [kHz]  central_frequency [kHz]     pca_1     pca_2  \
cluster
0                  148.383338               281.530976 -0.086308 -0.233247
1                  359.761748               352.880405  0.518111  0.334486
2                  142.893756               317.474320 -0.255592  0.047606
3                  140.036249               349.895350 -0.644701  0.577576
4                  137.304518               374.666391  0.132853 -0.239069

            pca_3     pca_4
cluster
0       -0.153565 -0.011239
1       -0.093345 -0.047088
2       -0.000537 -0.035741
3        0.100355 -0.061052
4        0.335631  0.016168

PCA CORRELATION (with every feature)
      peak_amplitude  counts  duration  rise_time     energy  peak_frequency  \
PC 1          -0.001  -0.434    -0.473     -0.160 -3.301e-04           0.713
PC 2          -0.005   0.542     0.475      0.188 -3.389e-04           0.580
PC 3          -0.016  -0.041    -0.118      0.035 -1.435e-03          -0.392
PC 4          -0.005  -0.663     0.730     -0.143 -8.561e-04           0.023

      central_frequency
PC 1              0.233
PC 2              0.329
PC 3              0.910
PC 4              0.080