CLUSTER STATISTICS (kmeans)
COUNTS:
cluster
0    72562
1    81691
2    75147
3    21041
4    63762

MEANS:
                 index  relative_index   fcmeans  hierarchical  \
cluster
0        157523.209559        0.501342  3.988699      0.999986
1        157050.581325        0.499838  2.730864      0.440856
2        156786.991577        0.498999  0.970298      1.755160
3        156955.576589        0.499536  2.000000      2.631101
4        157103.180405        0.500005  0.400003      1.991249

         peak_amplitude     counts  duration [μs]  rise_time [μs]    energy  \
cluster
0              0.000214  23.612304      88.637367       23.487269  0.000006
1              0.000451  25.458276     118.072355       31.323489  0.000069
2              0.000133  17.751660      64.267551       20.353259  0.000003
3              0.000106  67.627394     409.600694      126.060592  0.000036
4              0.000164  41.823296     221.437255       55.790379  0.000009

         peak_frequency [kHz]  central_frequency [kHz]     pca_1     pca_2  \
cluster
0                  345.115184               348.822500  0.511537  0.254198
1                  141.541724               283.313947 -0.116633 -0.226129
2                  140.816546               348.213902  0.062381 -0.226142
3                  156.439856               349.366234 -0.557207  0.548072
4                  140.142844               327.000099 -0.268697  0.076259

            pca_3     pca_4
cluster
0       -0.089809  0.005461
1       -0.137485 -0.013970
2        0.194840  0.005701
3        0.079087  0.041731
4        0.045322  0.004752

CLUSTER STATISTICS (fcmeans)
COUNTS:
cluster
0    60480
1    73115
2    34173
3    74184
4    72251

MEANS:
                 index  relative_index    kmeans  hierarchical  \
cluster
0        156819.152216        0.499101  3.582507      1.923429
1        156819.751993        0.499103  1.978445      1.732080
2        157425.670705        0.501032  3.339800      2.410704
3        157056.233056        0.499856  1.004758      0.339642
4        157513.944056        0.501313  0.002270      0.999986

         peak_amplitude     counts  duration [μs]  rise_time [μs]    energy  \
cluster
0              0.000183  38.557672     196.323730       48.725948  0.000009
1              0.000135  17.040826      60.751644       19.490306  0.000003
2              0.000115  61.352647     363.356293      107.278433  0.000026
3              0.000468  24.945595     115.892604       30.919240  0.000075
4              0.000215  23.413669      87.396579       23.122808  0.000006

         peak_frequency [kHz]  central_frequency [kHz]     pca_1     pca_2  \
cluster
0                  140.569511               323.295659 -0.226587  0.019652
1                  140.662586               347.440063  0.068836 -0.236708
2                  152.046586               344.559995 -0.486183  0.432310
3                  141.521838               281.576158 -0.113645 -0.235188
4                  345.096677               348.850358  0.514002  0.251415

            pca_3     pca_4
cluster
0        0.033876 -0.002685
1        0.192439  0.006717
2        0.074503  0.032861
3       -0.145140 -0.013286
4       -0.089277  0.005513

CLUSTER STATISTICS (hierarchical)
COUNTS:
cluster
0    100575
1     74781
2     95582
3     16208
4     27057

MEANS:
                 index  relative_index    kmeans   fcmeans  peak_amplitude  \
cluster
0        156844.792006        0.499183  1.383565  2.201601        0.000378
1        157558.020206        0.501453  0.083644  3.927749        0.000211
2        157159.170503        0.500184  3.147716  0.820207        0.000187
3        156423.719645        0.497843  3.070706  2.000000        0.000100
4        156990.455520        0.499647  2.000000  1.000000        0.000068

            counts  duration [μs]  rise_time [μs]    energy  \
cluster
0        21.518936      94.291564       25.622238  0.000048
1        24.595780      95.594429       26.108313  0.000005
2        39.255990     201.144003       51.556788  0.000024
3        69.070953     419.640408      132.597823  0.000003
4        12.621688      36.406793       14.634109  0.000001

         peak_frequency [kHz]  central_frequency [kHz]     pca_1     pca_2  \
cluster
0                  142.632006               296.328649 -0.050067 -0.254992
1                  344.361001               349.068018  0.496605  0.268107
2                  139.512544               327.912958 -0.233242  0.036608
3                  139.358342               343.205924 -0.627756  0.525935
4                  137.629116               370.023137  0.140014 -0.260710

            pca_3     pca_4
cluster
0       -0.068439 -0.006842
1       -0.089546  0.006208
2        0.056465 -0.000834
3        0.069890  0.037576
4        0.314052  0.020663

PCA CORRELATION (with every feature)
      peak_amplitude  counts  duration  rise_time     energy  peak_frequency  \
PC 1          -0.001  -0.434    -0.473     -0.160 -3.301e-04           0.713
PC 2          -0.005   0.542     0.475      0.188 -3.389e-04           0.580
PC 3          -0.016  -0.041    -0.118      0.035 -1.435e-03          -0.392
PC 4          -0.005  -0.663     0.730     -0.143 -8.561e-04           0.023

      central_frequency
PC 1              0.233
PC 2              0.329
PC 3              0.910
PC 4              0.080
